*CPOSECT4CS    ; Composite Section for Construction Stage
; SEC=SEC, ASTAGE, TYPE, bTAP                                                  // line 1
;     [PART-INFO]-1                                                            // from line 2
;     ...
;     [PART-INFO]-n
; [PART-INFO] : [COMMON], [SCALE], H                                           // TYPE=A,B,NORMAL
;               [COMMON], [SCALE], CY, CZ, [STIFF], H                          // TYPE=USER
;               [COMMON], [SCALE], CYI, CZI, CYJ, CZJ, [STIFF]-I, [STIFF]-J, H // TYPE=USER, bTAP=YES
; [COMMON]: PART, MTYPE, MAT, CSTAGE, AGE
; [SCALE] : AREA, ASY, ASZ, IXX, IYY, IZZ, WAREA
; [STIFF] : AREA, ASY, ASZ, IXX, IYY, CYP, CYM, CZP, CZM, QYB, QZB, \
;           X1, X2, X3, X4, Y1, Y2, Y3, Y4
   SEC=218, STAGE_15, USER, NO
       1, MATL, 1, , 7, 1, 1, 1, 1, 1, 1, 1,\
         12.12, 0.8,\
         5.312, 0, 4.511, 13.18, 1.113, 671.2, 12.12, 12.12, 0.8, 0.8, 0, 0,\
         0, 0, 0, 0, 0, 0, 0, 0, 1.5
       2, MATL, 5, STAGE_19, 7, 1, 1, 1, 1, 1, 1, 1,\
         12.12, 1.4741,\
         5.23, 4.377, 2.6, 0.1087, 0.02785, 190.7, 10.4, 10.4, 0.1259, 0.2241, 0, 0,\
         0, 0, 0, 0, 0, 0, 0, 0, 1.5
   SEC=235, STAGE_15, USER, NO
       1, MATL, 1, , 7, 1, 1, 1, 1, 1, 1, 1,\
         12.12, 0.8,\
         5.312, 0, 4.511, 13.18, 1.113, 671.2, 12.12, 12.12, 0.8, 0.8, 0, 0,\
         0, 0, 0, 0, 0, 0, 0, 0, 1.5
       2, MATL, 5, STAGE_19, 7, 1, 1, 1, 1, 1, 1, 1,\
         12.12, 1.4741,\
         5.23, 4.377, 2.6, 0.1087, 0.02785, 190.7, 10.4, 10.4, 0.1259, 0.2241, 0, 0,\
         0, 0, 0, 0, 0, 0, 0, 0, 1.5
   SEC=246, STAGE_15, USER, NO
       1, MATL, 1, , 7, 1, 1, 1, 1, 1, 1, 1,\
         12.12, 0.8,\
         5.312, 0, 4.511, 13.18, 1.113, 671.2, 12.12, 12.12, 0.8, 0.8, 0, 0,\
         0, 0, 0, 0, 0, 0, 0, 0, 1.5
       2, MATL, 5, STAGE_19, 7, 1, 1, 1, 1, 1, 1, 1,\
         12.12, 1.4741,\
         5.23, 4.377, 2.6, 0.1087, 0.02785, 190.7, 10.4, 10.4, 0.1259, 0.2241, 0, 0,\
         0, 0, 0, 0, 0, 0, 0, 0, 1.5
   SEC=202, STAGE_15, USER, NO
       1, MATL, 1, , 7, 1, 1, 1, 1, 1, 1, 1,\
         12.12, 0.8,\
         5.312, 0, 4.511, 13.18, 1.113, 671.2, 12.12, 12.12, 0.8, 0.8, 0, 0,\
         0, 0, 0, 0, 0, 0, 0, 0, 1.5
       2, MATL, 5, STAGE_19, 7, 1, 1, 1, 1, 1, 1, 1,\
         12.12, 1.4741,\
         5.23, 4.377, 2.6, 0.1087, 0.02785, 190.7, 10.4, 10.4, 0.1259, 0.2241, 0, 0,\
         0, 0, 0, 0, 0, 0, 0, 0, 1.5
   SEC=203, STAGE_21, USER, NO
       1, MATL, 1, , 7, 1, 1, 1, 1, 1, 1, 1,\
         12.12, 0.8,\
         5.312, 0, 4.511, 13.18, 1.113, 671.2, 12.12, 12.12, 0.8, 0.8, 0, 0,\
         0, 0, 0, 0, 0, 0, 0, 0, 1.5
       2, MATL, 5, STAGE_25, 7, 1, 1, 1, 1, 1, 1, 1,\
         12.12, 1.4741,\
         5.23, 4.377, 2.6, 0.1087, 0.02785, 190.7, 10.4, 10.4, 0.1259, 0.2241, 0, 0,\
         0, 0, 0, 0, 0, 0, 0, 0, 1.5
   SEC=236, STAGE_21, USER, NO
       1, MATL, 1, , 7, 1, 1, 1, 1, 1, 1, 1,\
         12.12, 0.8,\
         5.312, 0, 4.511, 13.18, 1.113, 671.2, 12.12, 12.12, 0.8, 0.8, 0, 0,\
         0, 0, 0, 0, 0, 0, 0, 0, 1.5
       2, MATL, 5, STAGE_25, 7, 1, 1, 1, 1, 1, 1, 1,\
         12.12, 1.4741,\
         5.23, 4.377, 2.6, 0.1087, 0.02785, 190.7, 10.4, 10.4, 0.1259, 0.2241, 0, 0,\
         0, 0, 0, 0, 0, 0, 0, 0, 1.5
   SEC=247, STAGE_21, USER, NO
       1, MATL, 1, , 7, 1, 1, 1, 1, 1, 1, 1,\
         12.12, 0.8,\
         5.312, 0, 4.511, 13.18, 1.113, 671.2, 12.12, 12.12, 0.8, 0.8, 0, 0,\
         0, 0, 0, 0, 0, 0, 0, 0, 1.5
       2, MATL, 5, STAGE_25, 7, 1, 1, 1, 1, 1, 1, 1,\
         12.12, 1.4741,\
         5.23, 4.377, 2.6, 0.1087, 0.02785, 190.7, 10.4, 10.4, 0.1259, 0.2241, 0, 0,\
         0, 0, 0, 0, 0, 0, 0, 0, 1.5
   SEC=219, STAGE_21, USER, NO
       1, MATL, 1, , 7, 1, 1, 1, 1, 1, 1, 1,\
         12.12, 0.8,\
         5.312, 0, 4.511, 13.18, 1.113, 671.2, 12.12, 12.12, 0.8, 0.8, 0, 0,\
         0, 0, 0, 0, 0, 0, 0, 0, 1.5
       2, MATL, 5, STAGE_25, 7, 1, 1, 1, 1, 1, 1, 1,\
         12.12, 1.4741,\
         5.23, 4.377, 2.6, 0.1087, 0.02785, 190.7, 10.4, 10.4, 0.1259, 0.2241, 0, 0,\
         0, 0, 0, 0, 0, 0, 0, 0, 1.5
   SEC=248, STAGE_27, USER, NO
       1, MATL, 1, , 7, 1, 1, 1, 1, 1, 1, 1,\
         12.12, 0.8,\
         5.312, 0, 4.511, 13.18, 1.113, 671.2, 12.12, 12.12, 0.8, 0.8, 0, 0,\
         0, 0, 0, 0, 0, 0, 0, 0, 1.5
       2, MATL, 5, STAGE_31, 7, 1, 1, 1, 1, 1, 1, 1,\
         12.12, 1.4741,\
         5.23, 4.377, 2.6, 0.1087, 0.02785, 190.7, 10.4, 10.4, 0.1259, 0.2241, 0, 0,\
         0, 0, 0, 0, 0, 0, 0, 0, 1.5
   SEC=220, STAGE_27, USER, NO
       1, MATL, 1, , 7, 1, 1, 1, 1, 1, 1, 1,\
         12.12, 0.8,\
         5.312, 0, 4.511, 13.18, 1.113, 671.2, 12.12, 12.12, 0.8, 0.8, 0, 0,\
         0, 0, 0, 0, 0, 0, 0, 0, 1.5
       2, MATL, 5, STAGE_31, 7, 1, 1, 1, 1, 1, 1, 1,\
         12.12, 1.4741,\
         5.23, 4.377, 2.6, 0.1087, 0.02785, 190.7, 10.4, 10.4, 0.1259, 0.2241, 0, 0,\
         0, 0, 0, 0, 0, 0, 0, 0, 1.5
   SEC=237, STAGE_27, USER, NO
       1, MATL, 1, , 7, 1, 1, 1, 1, 1, 1, 1,\
         12.12, 0.8,\
         5.312, 0, 4.511, 13.18, 1.113, 671.2, 12.12, 12.12, 0.8, 0.8, 0, 0,\
         0, 0, 0, 0, 0, 0, 0, 0, 1.5
       2, MATL, 5, STAGE_31, 7, 1, 1, 1, 1, 1, 1, 1,\
         12.12, 1.4741,\
         5.23, 4.377, 2.6, 0.1087, 0.02785, 190.7, 10.4, 10.4, 0.1259, 0.2241, 0, 0,\
         0, 0, 0, 0, 0, 0, 0, 0, 1.5
   SEC=204, STAGE_27, USER, NO
       1, MATL, 1, , 7, 1, 1, 1, 1, 1, 1, 1,\
         12.12, 0.8,\
         5.312, 0, 4.511, 13.18, 1.113, 671.2, 12.12, 12.12, 0.8, 0.8, 0, 0,\
         0, 0, 0, 0, 0, 0, 0, 0, 1.5
       2, MATL, 5, STAGE_31, 7, 1, 1, 1, 1, 1, 1, 1,\
         12.12, 1.4741,\
         5.23, 4.377, 2.6, 0.1087, 0.02785, 190.7, 10.4, 10.4, 0.1259, 0.2241, 0, 0,\
         0, 0, 0, 0, 0, 0, 0, 0, 1.5
   SEC=249, STAGE_33, USER, NO
       1, MATL, 1, , 7, 1, 1, 1, 1, 1, 1, 1,\
         12.12, 0.8,\
         5.312, 0, 4.511, 13.18, 1.113, 671.2, 12.12, 12.12, 0.8, 0.8, 0, 0,\
         0, 0, 0, 0, 0, 0, 0, 0, 1.5
       2, MATL, 5, STAGE_37, 7, 1, 1, 1, 1, 1, 1, 1,\
         12.12, 1.4741,\
         5.23, 4.377, 2.6, 0.1087, 0.02785, 190.7, 10.4, 10.4, 0.1259, 0.2241, 0, 0,\
         0, 0, 0, 0, 0, 0, 0, 0, 1.5
   SEC=221, STAGE_33, USER, NO
       1, MATL, 1, , 7, 1, 1, 1, 1, 1, 1, 1,\
         12.12, 0.8,\
         5.312, 0, 4.511, 13.18, 1.113, 671.2, 12.12, 12.12, 0.8, 0.8, 0, 0,\
         0, 0, 0, 0, 0, 0, 0, 0, 1.5
       2, MATL, 5, STAGE_37, 7, 1, 1, 1, 1, 1, 1, 1,\
         12.12, 1.4741,\
         5.23, 4.377, 2.6, 0.1087, 0.02785, 190.7, 10.4, 10.4, 0.1259, 0.2241, 0, 0,\
         0, 0, 0, 0, 0, 0, 0, 0, 1.5
   SEC=238, STAGE_33, USER, NO
       1, MATL, 1, , 7, 1, 1, 1, 1, 1, 1, 1,\
         12.12, 0.8,\
         5.312, 0, 4.511, 13.18, 1.113, 671.2, 12.12, 12.12, 0.8, 0.8, 0, 0,\
         0, 0, 0, 0, 0, 0, 0, 0, 1.5
       2, MATL, 5, STAGE_37, 7, 1, 1, 1, 1, 1, 1, 1,\
         12.12, 1.4741,\
         5.23, 4.377, 2.6, 0.1087, 0.02785, 190.7, 10.4, 10.4, 0.1259, 0.2241, 0, 0,\
         0, 0, 0, 0, 0, 0, 0, 0, 1.5
   SEC=205, STAGE_33, USER, NO
       1, MATL, 1, , 7, 1, 1, 1, 1, 1, 1, 1,\
         12.12, 0.8,\
         5.312, 0, 4.511, 13.18, 1.113, 671.2, 12.12, 12.12, 0.8, 0.8, 0, 0,\
         0, 0, 0, 0, 0, 0, 0, 0, 1.5
       2, MATL, 5, STAGE_37, 7, 1, 1, 1, 1, 1, 1, 1,\
         12.12, 1.4741,\
         5.23, 4.377, 2.6, 0.1087, 0.02785, 190.7, 10.4, 10.4, 0.1259, 0.2241, 0, 0,\
         0, 0, 0, 0, 0, 0, 0, 0, 1.5
   SEC=222, STAGE_39, USER, NO
       1, MATL, 1, , 7, 1, 1, 1, 1, 1, 1, 1,\
         12.12, 0.8,\
         5.312, 0, 4.511, 13.18, 1.113, 671.2, 12.12, 12.12, 0.8, 0.8, 0, 0,\
         0, 0, 0, 0, 0, 0, 0, 0, 1.5
       2, MATL, 5, STAGE_43, 7, 1, 1, 1, 1, 1, 1, 1,\
         12.12, 1.4741,\
         5.23, 4.377, 2.6, 0.1087, 0.02785, 190.7, 10.4, 10.4, 0.1259, 0.2241, 0, 0,\
         0, 0, 0, 0, 0, 0, 0, 0, 1.5
   SEC=239, STAGE_39, USER, NO
       1, MATL, 1, , 7, 1, 1, 1, 1, 1, 1, 1,\
         12.12, 0.8,\
         7.488, 0, 6.339, 18.26, 1.577, 891.5, 12.12, 12.12, 0.8, 0.8, 0, 0,\
         0, 0, 0, 0, 0, 0, 0, 0, 1.5
       2, MATL, 5, STAGE_43, 7, 1, 1, 1, 1, 1, 1, 1,\
         12.12, 1.4741,\
         4.89, 4.091, 2.439, 0.1016, 0.02608, 155.8, 9.72, 9.72, 0.126, 0.224, 0, 0,\
         0, 0, 0, 0, 0, 0, 0, 0, 1.5
   SEC=240, STAGE_39, USER, NO
       1, MATL, 1, , 7, 1, 1, 1, 1, 1, 1, 1,\
         12.12, 0.8,\
         7.488, 0, 6.339, 18.26, 1.577, 891.5, 12.12, 12.12, 0.8, 0.8, 0, 0,\
         0, 0, 0, 0, 0, 0, 0, 0, 1.5
       2, MATL, 5, STAGE_43, 7, 1, 1, 1, 1, 1, 1, 1,\
         12.12, 1.4741,\
         4.89, 4.091, 2.439, 0.1016, 0.02608, 155.8, 9.72, 9.72, 0.126, 0.224, 0, 0,\
         0, 0, 0, 0, 0, 0, 0, 0, 1.5
   SEC=250, STAGE_39, USER, NO
       1, MATL, 1, , 7, 1, 1, 1, 1, 1, 1, 1,\
         12.12, 0.8,\
         5.312, 0, 4.511, 13.18, 1.113, 671.2, 12.12, 12.12, 0.8, 0.8, 0, 0,\
         0, 0, 0, 0, 0, 0, 0, 0, 1.5
       2, MATL, 5, STAGE_43, 7, 1, 1, 1, 1, 1, 1, 1,\
         12.12, 1.4741,\
         5.23, 4.377, 2.6, 0.1087, 0.02785, 190.7, 10.4, 10.4, 0.1259, 0.2241, 0, 0,\
         0, 0, 0, 0, 0, 0, 0, 0, 1.5
   SEC=206, STAGE_39, USER, NO
       1, MATL, 1, , 7, 1, 1, 1, 1, 1, 1, 1,\
         12.12, 0.8,\
         5.312, 0, 4.511, 13.18, 1.113, 671.2, 12.12, 12.12, 0.8, 0.8, 0, 0,\
         0, 0, 0, 0, 0, 0, 0, 0, 1.5
       2, MATL, 5, STAGE_43, 7, 1, 1, 1, 1, 1, 1, 1,\
         12.12, 1.4741,\
         5.23, 4.377, 2.6, 0.1087, 0.02785, 190.7, 10.4, 10.4, 0.1259, 0.2241, 0, 0,\
         0, 0, 0, 0, 0, 0, 0, 0, 1.5
   SEC=223, STAGE_45, USER, NO
       1, MATL, 1, , 7, 1, 1, 1, 1, 1, 1, 1,\
         12.12, 0.8,\
         5.312, 0, 4.511, 13.18, 1.113, 671.2, 12.12, 12.12, 0.8, 0.8, 0, 0,\
         0, 0, 0, 0, 0, 0, 0, 0, 1.5
       2, MATL, 5, STAGE_49, 7, 1, 1, 1, 1, 1, 1, 1,\
         12.12, 1.4741,\
         5.23, 4.377, 2.6, 0.1087, 0.02785, 190.7, 10.4, 10.4, 0.1259, 0.2241, 0, 0,\
         0, 0, 0, 0, 0, 0, 0, 0, 1.5
   SEC=207, STAGE_45, USER, NO
       1, MATL, 1, , 7, 1, 1, 1, 1, 1, 1, 1,\
         12.12, 0.8,\
         5.312, 0, 4.511, 13.18, 1.113, 671.2, 12.12, 12.12, 0.8, 0.8, 0, 0,\
         0, 0, 0, 0, 0, 0, 0, 0, 1.5
       2, MATL, 5, STAGE_49, 7, 1, 1, 1, 1, 1, 1, 1,\
         12.12, 1.4741,\
         5.23, 4.377, 2.6, 0.1087, 0.02785, 190.7, 10.4, 10.4, 0.1259, 0.2241, 0, 0,\
         0, 0, 0, 0, 0, 0, 0, 0, 1.5
   SEC=241, STAGE_45, USER, NO
       1, MATL, 1, , 7, 1, 1, 1, 1, 1, 1, 1,\
         12.12, 0.8,\
         7.488, 0, 6.339, 18.26, 1.577, 891.5, 12.12, 12.12, 0.8, 0.8, 0, 0,\
         0, 0, 0, 0, 0, 0, 0, 0, 1.5
       2, MATL, 5, STAGE_49, 7, 1, 1, 1, 1, 1, 1, 1,\
         12.12, 1.4741,\
         4.89, 4.091, 2.439, 0.1016, 0.02608, 155.8, 9.72, 9.72, 0.126, 0.224, 0, 0,\
         0, 0, 0, 0, 0, 0, 0, 0, 1.5
   SEC=251, STAGE_45, USER, NO
       1, MATL, 1, , 7, 1, 1, 1, 1, 1, 1, 1,\
         12.12, 0.8,\
         5.312, 0, 4.511, 13.18, 1.113, 671.2, 12.12, 12.12, 0.8, 0.8, 0, 0,\
         0, 0, 0, 0, 0, 0, 0, 0, 1.5
       2, MATL, 5, STAGE_49, 7, 1, 1, 1, 1, 1, 1, 1,\
         12.12, 1.4741,\
         5.23, 4.377, 2.6, 0.1087, 0.02785, 190.7, 10.4, 10.4, 0.1259, 0.2241, 0, 0,\
         0, 0, 0, 0, 0, 0, 0, 0, 1.5
   SEC=252, STAGE_51, USER, NO
       1, MATL, 1, , 7, 1, 1, 1, 1, 1, 1, 1,\
         12.12, 0.8,\
         5.312, 0, 4.511, 13.18, 1.113, 671.2, 12.12, 12.12, 0.8, 0.8, 0, 0,\
         0, 0, 0, 0, 0, 0, 0, 0, 1.5
       2, MATL, 5, STAGE_55, 7, 1, 1, 1, 1, 1, 1, 1,\
         12.12, 1.4741,\
         5.23, 4.377, 2.6, 0.1087, 0.02785, 190.7, 10.4, 10.4, 0.1259, 0.2241, 0, 0,\
         0, 0, 0, 0, 0, 0, 0, 0, 1.5
   SEC=208, STAGE_51, USER, NO
       1, MATL, 1, , 7, 1, 1, 1, 1, 1, 1, 1,\
         12.12, 0.8,\
         5.312, 0, 4.511, 13.18, 1.113, 671.2, 12.12, 12.12, 0.8, 0.8, 0, 0,\
         0, 0, 0, 0, 0, 0, 0, 0, 1.5
       2, MATL, 5, STAGE_55, 7, 1, 1, 1, 1, 1, 1, 1,\
         12.12, 1.4741,\
         5.23, 4.377, 2.6, 0.1087, 0.02785, 190.7, 10.4, 10.4, 0.1259, 0.2241, 0, 0,\
         0, 0, 0, 0, 0, 0, 0, 0, 1.5
   SEC=224, STAGE_51, USER, NO
       1, MATL, 1, , 7, 1, 1, 1, 1, 1, 1, 1,\
         12.12, 0.8,\
         5.312, 0, 4.511, 13.18, 1.113, 671.2, 12.12, 12.12, 0.8, 0.8, 0, 0,\
         0, 0, 0, 0, 0, 0, 0, 0, 1.5
       2, MATL, 5, STAGE_55, 7, 1, 1, 1, 1, 1, 1, 1,\
         12.12, 1.4741,\
         5.23, 4.377, 2.6, 0.1087, 0.02785, 190.7, 10.4, 10.4, 0.1259, 0.2241, 0, 0,\
         0, 0, 0, 0, 0, 0, 0, 0, 1.5
   SEC=242, STAGE_51, USER, NO
       1, MATL, 1, , 7, 1, 1, 1, 1, 1, 1, 1,\
         12.12, 0.8,\
         7.488, 0, 6.339, 18.26, 1.577, 891.5, 12.12, 12.12, 0.8, 0.8, 0, 0,\
         0, 0, 0, 0, 0, 0, 0, 0, 1.5
       2, MATL, 5, STAGE_55, 7, 1, 1, 1, 1, 1, 1, 1,\
         12.12, 1.4741,\
         4.89, 4.091, 2.439, 0.1016, 0.02608, 155.8, 9.72, 9.72, 0.126, 0.224, 0, 0,\
         0, 0, 0, 0, 0, 0, 0, 0, 1.5
   SEC=209, STAGE_57, USER, NO
       1, MATL, 1, , 7, 1, 1, 1, 1, 1, 1, 1,\
         12.12, 0.8,\
         5.312, 0, 4.511, 13.18, 1.113, 671.2, 12.12, 12.12, 0.8, 0.8, 0, 0,\
         0, 0, 0, 0, 0, 0, 0, 0, 1.5
       2, MATL, 5, STAGE_61, 7, 1, 1, 1, 1, 1, 1, 1,\
         12.12, 1.4741,\
         5.23, 4.377, 2.6, 0.1087, 0.02785, 190.7, 10.4, 10.4, 0.1259, 0.2241, 0, 0,\
         0, 0, 0, 0, 0, 0, 0, 0, 1.5
   SEC=253, STAGE_57, USER, NO
       1, MATL, 1, , 7, 1, 1, 1, 1, 1, 1, 1,\
         12.12, 0.8,\
         5.312, 0, 4.511, 13.18, 1.113, 671.2, 12.12, 12.12, 0.8, 0.8, 0, 0,\
         0, 0, 0, 0, 0, 0, 0, 0, 1.5
       2, MATL, 5, STAGE_61, 7, 1, 1, 1, 1, 1, 1, 1,\
         12.12, 1.4741,\
         5.23, 4.377, 2.6, 0.1087, 0.02785, 190.7, 10.4, 10.4, 0.1259, 0.2241, 0, 0,\
         0, 0, 0, 0, 0, 0, 0, 0, 1.5
   SEC=225, STAGE_57, USER, NO
       1, MATL, 1, , 7, 1, 1, 1, 1, 1, 1, 1,\
         12.12, 0.8,\
         5.312, 0, 4.511, 13.18, 1.113, 671.2, 12.12, 12.12, 0.8, 0.8, 0, 0,\
         0, 0, 0, 0, 0, 0, 0, 0, 1.5
       2, MATL, 5, STAGE_61, 7, 1, 1, 1, 1, 1, 1, 1,\
         12.12, 1.4741,\
         5.23, 4.377, 2.6, 0.1087, 0.02785, 190.7, 10.4, 10.4, 0.1259, 0.2241, 0, 0,\
         0, 0, 0, 0, 0, 0, 0, 0, 1.5
   SEC=243, STAGE_57, USER, NO
       1, MATL, 1, , 7, 1, 1, 1, 1, 1, 1, 1,\
         12.12, 0.8,\
         7.488, 0, 6.339, 18.26, 1.577, 891.5, 12.12, 12.12, 0.8, 0.8, 0, 0,\
         0, 0, 0, 0, 0, 0, 0, 0, 1.5
       2, MATL, 5, STAGE_61, 7, 1, 1, 1, 1, 1, 1, 1,\
         12.12, 1.4741,\
         4.89, 4.091, 2.439, 0.1016, 0.02608, 155.8, 9.72, 9.72, 0.126, 0.224, 0, 0,\
         0, 0, 0, 0, 0, 0, 0, 0, 1.5
   SEC=210, STAGE_65, USER, NO
       1, MATL, 1, , 7, 1, 1, 1, 1, 1, 1, 1,\
         12.12, 0.8,\
         5.312, 0, 4.511, 13.18, 1.113, 671.2, 12.12, 12.12, 0.8, 0.8, 0, 0,\
         0, 0, 0, 0, 0, 0, 0, 0, 1.5
       2, MATL, 5, STAGE_69, 7, 1, 1, 1, 1, 1, 1, 1,\
         12.12, 1.4741,\
         5.23, 4.377, 2.6, 0.1087, 0.02785, 190.7, 10.4, 10.4, 0.1259, 0.2241, 0, 0,\
         0, 0, 0, 0, 0, 0, 0, 0, 1.5
   SEC=254, STAGE_65, USER, NO
       1, MATL, 1, , 7, 1, 1, 1, 1, 1, 1, 1,\
         12.12, 0.8,\
         5.312, 0, 4.511, 13.18, 1.113, 671.2, 12.12, 12.12, 0.8, 0.8, 0, 0,\
         0, 0, 0, 0, 0, 0, 0, 0, 1.5
       2, MATL, 5, STAGE_69, 7, 1, 1, 1, 1, 1, 1, 1,\
         12.12, 1.4741,\
         5.23, 4.377, 2.6, 0.1087, 0.02785, 190.7, 10.4, 10.4, 0.1259, 0.2241, 0, 0,\
         0, 0, 0, 0, 0, 0, 0, 0, 1.5
   SEC=226, STAGE_65, USER, NO
       1, MATL, 1, , 7, 1, 1, 1, 1, 1, 1, 1,\
         12.12, 0.8,\
         5.312, 0, 4.511, 13.18, 1.113, 671.2, 12.12, 12.12, 0.8, 0.8, 0, 0,\
         0, 0, 0, 0, 0, 0, 0, 0, 1.5
       2, MATL, 5, STAGE_69, 7, 1, 1, 1, 1, 1, 1, 1,\
         12.12, 1.4741,\
         5.23, 4.377, 2.6, 0.1087, 0.02785, 190.7, 10.4, 10.4, 0.1259, 0.2241, 0, 0,\
         0, 0, 0, 0, 0, 0, 0, 0, 1.5
   SEC=227, STAGE_71, USER, NO
       1, MATL, 1, , 7, 1, 1, 1, 1, 1, 1, 1,\
         12.12, 0.8,\
         5.312, 0, 4.511, 13.18, 1.113, 671.2, 12.12, 12.12, 0.8, 0.8, 0, 0,\
         0, 0, 0, 0, 0, 0, 0, 0, 1.5
       2, MATL, 5, STAGE_75, 7, 1, 1, 1, 1, 1, 1, 1,\
         12.12, 1.4741,\
         5.23, 4.377, 2.6, 0.1087, 0.02785, 190.7, 10.4, 10.4, 0.1259, 0.2241, 0, 0,\
         0, 0, 0, 0, 0, 0, 0, 0, 1.5
   SEC=211, STAGE_71, USER, NO
       1, MATL, 1, , 7, 1, 1, 1, 1, 1, 1, 1,\
         12.12, 0.8,\
         5.312, 0, 4.511, 13.18, 1.113, 671.2, 12.12, 12.12, 0.8, 0.8, 0, 0,\
         0, 0, 0, 0, 0, 0, 0, 0, 1.5
       2, MATL, 5, STAGE_75, 7, 1, 1, 1, 1, 1, 1, 1,\
         12.12, 1.4741,\
         5.23, 4.377, 2.6, 0.1087, 0.02785, 190.7, 10.4, 10.4, 0.1259, 0.2241, 0, 0,\
         0, 0, 0, 0, 0, 0, 0, 0, 1.5
   SEC=228, STAGE_79, USER, NO
       1, MATL, 1, , 7, 1, 1, 1, 1, 1, 1, 1,\
         12.12, 0.8,\
         5.312, 0, 4.511, 13.18, 1.113, 671.2, 12.12, 12.12, 0.8, 0.8, 0, 0,\
         0, 0, 0, 0, 0, 0, 0, 0, 1.5
       2, MATL, 5, STAGE_83, 7, 1, 1, 1, 1, 1, 1, 1,\
         12.12, 1.4741,\
         5.23, 4.377, 2.6, 0.1087, 0.02785, 190.7, 10.4, 10.4, 0.1259, 0.2241, 0, 0,\
         0, 0, 0, 0, 0, 0, 0, 0, 1.5
   SEC=213, STAGE_85, USER, NO
       1, MATL, 1, , 7, 1, 1, 1, 1, 1, 1, 1,\
         12.12, 0.8,\
         7.488, 0, 6.339, 18.26, 1.577, 891.5, 12.12, 12.12, 0.8, 0.8, 0, 0,\
         0, 0, 0, 0, 0, 0, 0, 0, 1.5
       2, MATL, 5, STAGE_89, 7, 1, 1, 1, 1, 1, 1, 1,\
         12.12, 1.4741,\
         4.89, 4.091, 2.439, 0.1016, 0.02608, 155.8, 9.72, 9.72, 0.126, 0.224, 0, 0,\
         0, 0, 0, 0, 0, 0, 0, 0, 1.5
   SEC=229, STAGE_85, USER, NO
       1, MATL, 1, , 7, 1, 1, 1, 1, 1, 1, 1,\
         12.12, 0.8,\
         5.312, 0, 4.511, 13.18, 1.113, 671.2, 12.12, 12.12, 0.8, 0.8, 0, 0,\
         0, 0, 0, 0, 0, 0, 0, 0, 1.5
       2, MATL, 5, STAGE_89, 7, 1, 1, 1, 1, 1, 1, 1,\
         12.12, 1.4741,\
         5.23, 4.377, 2.6, 0.1087, 0.02785, 190.7, 10.4, 10.4, 0.1259, 0.2241, 0, 0,\
         0, 0, 0, 0, 0, 0, 0, 0, 1.5
   SEC=214, STAGE_91, USER, NO
       1, MATL, 1, , 7, 1, 1, 1, 1, 1, 1, 1,\
         12.12, 0.8,\
         7.488, 0, 6.339, 18.26, 1.577, 891.5, 12.12, 12.12, 0.8, 0.8, 0, 0,\
         0, 0, 0, 0, 0, 0, 0, 0, 1.5
       2, MATL, 5, STAGE_95, 7, 1, 1, 1, 1, 1, 1, 1,\
         12.12, 1.4741,\
         4.89, 4.091, 2.439, 0.1016, 0.02608, 155.8, 9.72, 9.72, 0.126, 0.224, 0, 0,\
         0, 0, 0, 0, 0, 0, 0, 0, 1.5
   SEC=230, STAGE_91, USER, NO
       1, MATL, 1, , 7, 1, 1, 1, 1, 1, 1, 1,\
         12.12, 0.8,\
         5.312, 0, 4.511, 13.18, 1.113, 671.2, 12.12, 12.12, 0.8, 0.8, 0, 0,\
         0, 0, 0, 0, 0, 0, 0, 0, 1.5
       2, MATL, 5, STAGE_95, 7, 1, 1, 1, 1, 1, 1, 1,\
         12.12, 1.4741,\
         5.23, 4.377, 2.6, 0.1087, 0.02785, 190.7, 10.4, 10.4, 0.1259, 0.2241, 0, 0,\
         0, 0, 0, 0, 0, 0, 0, 0, 1.5
   SEC=215, STAGE_97, USER, NO
       1, MATL, 1, , 7, 1, 1, 1, 1, 1, 1, 1,\
         12.12, 0.8,\
         7.488, 0, 6.339, 18.26, 1.577, 891.5, 12.12, 12.12, 0.8, 0.8, 0, 0,\
         0, 0, 0, 0, 0, 0, 0, 0, 1.5
       2, MATL, 5, STAGE_101, 7, 1, 1, 1, 1, 1, 1, 1,\
         12.12, 1.4741,\
         4.89, 4.091, 2.439, 0.1016, 0.02608, 155.8, 9.72, 9.72, 0.126, 0.224, 0, 0,\
         0, 0, 0, 0, 0, 0, 0, 0, 1.5
   SEC=231, STAGE_97, USER, NO
       1, MATL, 1, , 7, 1, 1, 1, 1, 1, 1, 1,\
         12.12, 0.8,\
         5.312, 0, 4.511, 13.18, 1.113, 671.2, 12.12, 12.12, 0.8, 0.8, 0, 0,\
         0, 0, 0, 0, 0, 0, 0, 0, 1.5
       2, MATL, 5, STAGE_101, 7, 1, 1, 1, 1, 1, 1, 1,\
         12.12, 1.4741,\
         5.23, 4.377, 2.6, 0.1087, 0.02785, 190.7, 10.4, 10.4, 0.1259, 0.2241, 0, 0,\
         0, 0, 0, 0, 0, 0, 0, 0, 1.5
   SEC=232, STAGE_105, USER, NO
       1, MATL, 1, , 7, 1, 1, 1, 1, 1, 1, 1,\
         12.12, 0.8,\
         5.312, 0, 4.511, 13.18, 1.113, 671.2, 12.12, 12.12, 0.8, 0.8, 0, 0,\
         0, 0, 0, 0, 0, 0, 0, 0, 1.5
       2, MATL, 5, STAGE_109, 7, 1, 1, 1, 1, 1, 1, 1,\
         12.12, 1.4741,\
         5.23, 4.377, 2.6, 0.1087, 0.02785, 190.7, 10.4, 10.4, 0.1259, 0.2241, 0, 0,\
         0, 0, 0, 0, 0, 0, 0, 0, 1.5

